1901
1902
1903
1904
1905
1906
1907
1908
1909
1910
1911
1912
1812
2001
2002
2003
2004
2005
2006
2007
2008
2009
2010
2011
2012
2101
2102
2103
2104
2105
2106
2107
2108
2109
2110
2111
0704
0705
0706
0707
0708
0709
0710
0711
0712
0801
0802
0803
0804
0805
0806
0807
0808
0809
0810
0811
0812
0901
0902
0903
0904
0905
0906
0907
0908
0909
0910
0911
0912
1001
1002
1003
1004
1005
1006
1007
1008
1009
1010
1011
1012
1101
1102
1103
1104
1105
1106
1107
1108
1109
1110
1111
1112
1201
1202
1203
1204
1205
1206
1207
1208
1209
1210
1211
1212
1301
1302
1303
1304
1305
1306
1307
1308
1309
1310
1311
1312
1401
1402
1403
1404
1405
1406
1407
1408
1409
1410
1411
1412
1501
1502
1503
1504
1505
1506
1507
1508
1509
1510
1511
1512
1601
1602
1603
1604
1605
1606
1607
1608
1609
1610
1611
1612
1701
1702
1703
1704
1705
1706
1707
1708
1709
1710
1711
1712
1801
1802
1803
1804
1805
1806
1807
1808
1809
1810
1811
